33333333333333333333333333335333333333333333333333333333333
33333333333333333333333333335333333333333333333333333333333
33333333333333333333333333335333333333333333333333333333333
33333333333333333333333333335333333333333333333333333333333
33333333333333333333333333335333333333333333333333333333333
33333333333333333333333333335333333333333333333333333333333
33333333333333333333333333335333333333333333333333333333333
33333333333333333333333333335333333333333333333333333333333
33333333333333333333333333335333333333333333333333333333333
33333333333333333333333333335333333333333333333333333333333
33333333333333333333333333335333333333333333333333333333333
33333333333333333333333333335333333333333333333333333333333
33333333333333333333333333335333333333333333333333333333333
33333333333333333333333333335333333333333333333333333333333
33333333333333333333333333335333333333333333333333333333333
33333333333333333333333333335333333333333333333333333333333
33333333333333333333333333335333333333333333333333333333333
33333333333333333333333333335333333333333333333333333333333
33333333333333333333333333335333333333333333333333333333333
33333333333333333333333333335333333333333333333333333333333
33333333333333333333333333335333333333333333333333333333333
33333333333333333333333333335333333333333333333333333333333
33333333333333333333333333335333333333333333333333333333333
33333333333333333333333333335333333333333333333333333333333
33333333333333333333333333335333333333333333333333333333333
33333333333333333333333333335333333333333333333333333333333
33333333333333333333333333335333333333333333333333333333333
77777777777777777777777777776777777777777777777777777777777
33333333333333333333333333335333333533333333333333333333333
33333333333333333333333333335333333533333333333333333333333
33333333333333333333333333335333333533333333333333333333333
33333333333333333333333333335333332022222222222333333333333
33333333333333333333333333335333332000000000002333333333333
33333333337777777777777777775777770000000000002333333333333
33333333335333333333333333335333332222222222222333333333333
33333333335333333333333333335333333333333333333333333333333
33333333335333333333333333335333333333333333333333333333333
33333222220222222233333333335333333333333333333333333333333
33333200000000000233333333335333333333333333333333333333333
33333202000000000233333333335333333333333333333333333333333
33333202000000000233333333335333333333333333333333333333333
33333202222222222233333333335333333333333333333333333333333
33333200023333333333333333335333333333333333333333333333333
33333222223333333333333333335333333333333333333333333333333
33333333333333333333333333335333333333333333333333333333333
33333333333333333333333333335333333333333333333333333333333
33333333333333333333333333335333333333333333333333333333333
33333333333333333333333333335333333333333333333333333333333
333333333333333333333333333353333333333333333333333333333333
333333333333333333333333333353333333333333333333333333333333
333333333333333333333333333353333333333333333333333333333333
333333333333333333333333333353333333333333333333333333333333